0 0.49951923076923077 0.11987179487179488 0.09519230769230769 0.15256410256410258
0 0.4043269230769231 0.10128205128205128 0.1125 0.2
0 0.3096153846153846 0.45705128205128204 0.15 0.1576923076923077
0 0.4908653846153846 0.43974358974358974 0.10865384615384616 0.12051282051282051
2 0.7519230769230769 0.4987179487179487 0.24423076923076922 0.2564102564102564
2 0.760576923076923 0.7423076923076923 0.18076923076923077 0.18461538461538463
2 0.6009615384615384 0.533974358974359 0.08269230769230769 0.08076923076923077
2 0.5331730769230769 0.5852564102564103 0.0875 0.09102564102564102
2 0.4173076923076923 0.5006410256410256 0.175 0.191025641025641
2 0.4716346153846154 0.11089743589743589 0.16634615384615384 0.22179487179487178
2 0.2971153846153846 0.0641025641025641 0.10384615384615385 0.1282051282051282
2 0.4932692307692308 0.34487179487179487 0.11538461538461539 0.12564102564102564