2 0.14831349206349206 0.37257495590828926 0.07093253968253968 0.10052910052910052
2 0.33878968253968256 0.38844797178130513 0.06498015873015874 0.10670194003527336
2 0.0900297619047619 0.6768077601410935 0.1800595238095238 0.18871252204585537
2 0.9012896825396826 0.26785714285714285 0.19692460317460317 0.21825396825396826
2 0.9030257936507936 0.5436507936507936 0.16021825396825398 0.12345679012345678
2 0.5110367063492064 0.37367724867724866 0.21106150793650794 0.17416225749559083
2 0.2805059523809524 0.1318342151675485 0.19345238095238096 0.263668430335097
2 0.4212549603174603 0.10868606701940035 0.10739087301587301 0.1300705467372134
2 0.5427827380952381 0.22376543209876543 0.30084325396825395 0.12566137566137567
2 0.27802579365079366 0.5950176366843033 0.11805555555555555 0.2641093474426808
2 0.4973958333333333 0.605379188712522 0.12723214285714285 0.2222222222222222
2 0.7674851190476191 0.44400352733686066 0.07316468253968254 0.29365079365079366