2 0.2720734126984127 0.32495590828924165 0.028273809523809524 0.11728395061728394
2 0.46651785714285715 0.3567019400352734 0.040674603174603176 0.053791887125220456
2 0.5111607142857143 0.2896825396825397 0.09077380952380952 0.10670194003527336
2 0.3678075396825397 0.4772927689594356 0.03968253968253968 0.06040564373897707
2 0.31721230158730157 0.48148148148148145 0.011408730158730158 0.031746031746031744
2 0.3630952380952381 0.7072310405643739 0.026785714285714284 0.07936507936507936
2 0.30171130952380953 0.7766754850088183 0.022569444444444444 0.03042328042328042
2 0.30084325396825395 0.6929012345679012 0.012896825396825396 0.039241622574955906
2 0.3685515873015873 0.843694885361552 0.0625 0.11860670194003527
2 0.330109126984127 0.9243827160493827 0.029265873015873016 0.04894179894179894
2 0.46403769841269843 0.4929453262786596 0.024305555555555556 0.07495590828924162
2 0.4490327380952381 0.8077601410934744 0.030009920634920636 0.07231040564373897
2 0.5200892857142857 0.8306878306878307 0.03422619047619048 0.04056437389770723
2 0.5147569444444444 0.8919753086419753 0.025049603174603176 0.04497354497354497
2 0.020213293650793652 0.07671957671957672 0.040426587301587304 0.07671957671957672
2 0.06547619047619048 0.039241622574955906 0.040674603174603176 0.03880070546737213
2 0.7692212301587301 0.2808641975308642 0.10887896825396826 0.1472663139329806
2 0.7996031746031746 0.10559964726631393 0.0625 0.16887125220458554
2 0.6929563492063492 0.09898589065255732 0.06646825396825397 0.08068783068783068
2 0.6065228174603174 0.17504409171075838 0.04141865079365079 0.07936507936507936
2 0.6178075396825397 0.2744708994708995 0.031746031746031744 0.08509700176366843
2 0.4469246031746032 0.32782186948853614 0.029265873015873016 0.14858906525573193
2 0.39831349206349204 0.3646384479717813 0.024305555555555556 0.025573192239858905
2 0.3427579365079365 0.8630952380952381 0.056051587301587304 0.23236331569664903
2 0.42336309523809523 0.9678130511463845 0.03571428571428571 0.06349206349206349
2 0.4595734126984127 0.9093915343915344 0.030257936507936508 0.039241622574955906
2 0.5042162698412699 0.9830246913580247 0.018849206349206348 0.03306878306878307
2 0.5467509920634921 0.8544973544973545 0.06820436507936507 0.29012345679012347
2 0.47953869047619047 0.6843033509700176 0.13467261904761904 0.16313932980599646
2 0.3784722222222222 0.6532186948853616 0.0689484126984127 0.15299823633156967