2 0.05067274305555555 0.03587962962962963 0.1013454861111111 0.07175925925925926
2 0.3854166666666667 0.1964699074074074 0.10980902777777778 0.10821759259259259
2 0.9006076388888888 0.08506944444444445 0.12022569444444445 0.16782407407407407
2 0.4911024305555556 0.4435763888888889 0.0681423611111111 0.10243055555555555
2 0.03526475694444445 0.2552083333333333 0.0705295138888889 0.08275462962962964
2 0.1850043402777778 0.2416087962962963 0.0705295138888889 0.078125
2 0.08355034722222222 0.33275462962962965 0.045572916666666664 0.05787037037037037
2 0.7758246527777778 0.6235532407407407 0.07161458333333333 0.11863425925925926
2 0.7611762152777778 0.47670717592592593 0.08355034722222222 0.06799768518518519
2 0.8561197916666666 0.35300925925925924 0.052083333333333336 0.06944444444444445
2 0.6016710069444444 0.5157696759259259 0.07486979166666667 0.09403935185185185
2 0.6168619791666666 0.32841435185185186 0.05967881944444445 0.078125
2 0.1171875 0.1519097222222222 0.2126736111111111 0.08391203703703703
2 0.2598741319444444 0.3732638888888889 0.11827256944444445 0.11863425925925926
2 0.4329427083333333 0.29875578703703703 0.030381944444444444 0.033275462962962965
2 0.6331380208333334 0.7949942129629629 0.09657118055555555 0.1345486111111111
2 0.673828125 0.6061921296296297 0.054253472222222224 0.1244212962962963
2 0.5148654513888888 0.6025752314814815 0.10091145833333333 0.1808449074074074
2 0.7416449652777778 0.2293113425925926 0.05099826388888889 0.03616898148148148
2 0.7470703125 0.33492476851851855 0.11393229166666667 0.18663194444444445