0 0.2781032986111111 0.5755208333333334 0.291015625 0.2552083333333333
0 0.5300564236111112 0.5069444444444444 0.16341145833333334 0.2013888888888889
0 0.6359592013888888 0.6417824074074074 0.2133246527777778 0.20949074074074073
2 0.4009331597222222 0.08159722222222222 0.09483506944444445 0.1099537037037037
2 0.2788628472222222 0.08796296296296297 0.19921875 0.17592592592592593
2 0.2694227430555556 0.26316550925925924 0.083984375 0.08304398148148148
2 0.1589626736111111 0.2747395833333333 0.21158854166666666 0.1472800925925926
2 0.4290364583333333 0.33998842592592593 0.17274305555555555 0.16203703703703703
2 0.9022352430555556 0.4280960648148148 0.1950954861111111 0.12239583333333333
2 0.5837673611111112 0.9021990740740741 0.1150173611111111 0.17824074074074073
2 0.10047743055555555 0.7932581018518519 0.2009548611111111 0.4129050925925926
2 0.4001736111111111 0.6636284722222222 0.3172743055555556 0.18663194444444445
2 0.4227430555555556 0.5516493055555556 0.22569444444444445 0.1328125