0 0.3589409722222222 0.5703125 0.3624131944444444 0.4398148148148148
0 0.10677083333333333 0.7434895833333334 0.21354166666666666 0.44994212962962965
2 0.3869357638888889 0.8731192129629629 0.4622395833333333 0.25318287037037035
0 0.7059461805555556 0.6407696759259259 0.08550347222222222 0.08304398148148148
0 0.7370876736111112 0.7838541666666666 0.17252604166666666 0.09953703703703703
0 0.5775824652777778 0.4230324074074074 0.1430121527777778 0.1244212962962963
0 0.9100477430555556 0.3389756944444444 0.1794704861111111 0.34230324074074076
2 0.3348524305555556 0.5515046296296297 0.23350694444444445 0.24479166666666666
2 0.7145182291666666 0.4561631944444444 0.11219618055555555 0.12876157407407407
2 0.9490017361111112 0.5464409722222222 0.1015625 0.2508680555555556
2 0.6624348958333334 0.27980324074074076 0.1447482638888889 0.11631944444444445
2 0.5666232638888888 0.6096643518518519 0.09027777777777778 0.0787037037037037