2 0.4818793402777778 0.3922164351851852 0.044921875 0.08478009259259259
2 0.4188368055555556 0.10474537037037036 0.059027777777777776 0.09143518518518519
2 0.3173828125 0.04513888888888889 0.07921006944444445 0.08159722222222222
2 0.3004557291666667 0.7106481481481481 0.060980902777777776 0.11053240740740741
2 0.4720052083333333 0.22641782407407407 0.04991319444444445 0.10850694444444445
0 0.3461371527777778 0.4347511574074074 0.09331597222222222 0.06799768518518519
0 0.5913628472222222 0.2712673611111111 0.054253472222222224 0.05931712962962963
0 0.5615234375 0.03616898148148148 0.05967881944444445 0.05787037037037037
0 0.4448784722222222 0.4904513888888889 0.05859375 0.06944444444444445
2 0.52734375 0.3276909722222222 0.032552083333333336 0.07378472222222222
2 0.4421657986111111 0.32407407407407407 0.042317708333333336 0.05787037037037037
2 0.4193793402777778 0.23582175925925927 0.042317708333333336 0.09259259259259259
2 0.2652994791666667 0.12152777777777778 0.053168402777777776 0.0954861111111111
2 0.3748914930555556 0.8210358796296297 0.06401909722222222 0.05931712962962963
1 0.14051649305555555 0.6705729166666666 0.2289496527777778 0.5946180555555556
2 0.7611762152777778 0.026041666666666668 0.029296875 0.046296296296296294
1 0.6646050347222222 0.12586805555555555 0.11176215277777778 0.2170138888888889
1 0.3401692708333333 0.20326967592592593 0.07703993055555555 0.21556712962962962
1 0.6212022569444444 0.3819444444444444 0.055338541666666664 0.10416666666666667
1 0.8089192708333334 0.06004050925925926 0.048828125 0.0853587962962963
1 0.4155815972222222 0.6011284722222222 0.10199652777777778 0.09114583333333333