2 0.22981770833333334 0.6273148148148148 0.21614583333333334 0.14756944444444445
2 0.3068576388888889 0.46860532407407407 0.040364583333333336 0.058159722222222224
2 0.1644965277777778 0.23307291666666666 0.051215277777777776 0.05179398148148148
2 0.4943576388888889 0.16478587962962962 0.07942708333333333 0.07262731481481481
2 0.4951171875 0.24247685185185186 0.18684895833333334 0.1371527777777778
2 0.5199652777777778 0.40219907407407407 0.055989583333333336 0.05787037037037037
2 0.5231119791666666 0.5348668981481481 0.2085503472222222 0.15769675925925927
2 0.7176649305555556 0.6241319444444444 0.2209201388888889 0.2199074074074074
2 0.8685980902777778 0.5661168981481481 0.115234375 0.09519675925925926
2 0.6919487847222222 0.3275462962962963 0.1911892361111111 0.14930555555555555
2 0.8616536458333334 0.2673611111111111 0.11046006944444445 0.08275462962962964
2 0.9357638888888888 0.4074074074074074 0.12803819444444445 0.0931712962962963
2 0.8141276041666666 0.4748263888888889 0.06228298611111111 0.09953703703703703
2 0.7479383680555556 0.49030671296296297 0.07313368055555555 0.04369212962962963
0 0.1752387152777778 0.35865162037037035 0.3504774305555556 0.3527199074074074
0 0.4375 0.3628472222222222 0.20225694444444445 0.19907407407407407
0 0.5635850694444444 0.4001736111111111 0.1618923611111111 0.17418981481481483
0 0.8639322916666666 0.4788773148148148 0.09331597222222222 0.12037037037037036