0 0.5348307291666666 0.5464409722222222 0.123046875 0.20109953703703703
0 0.6204427083333334 0.33781828703703703 0.13541666666666666 0.13686342592592593
0 0.3878038194444444 0.14699074074074073 0.10590277777777778 0.16203703703703703
0 0.5993923611111112 0.7912326388888888 0.15234375 0.1802662037037037
0 0.8607855902777778 0.9156539351851852 0.19596354166666666 0.16811342592592593
0 0.4695095486111111 0.8181423611111112 0.091796875 0.14322916666666666
2 0.2282986111111111 0.35749421296296297 0.14149305555555555 0.22193287037037038
2 0.3014322916666667 0.13570601851851852 0.11371527777777778 0.25925925925925924
2 0.4063585069444444 0.09013310185185185 0.13389756944444445 0.1802662037037037
2 0.43359375 0.24348958333333334 0.04210069444444445 0.09346064814814815
2 0.4593098958333333 0.33998842592592593 0.0779079861111111 0.09143518518518519
2 0.5169270833333334 0.23625578703703703 0.09027777777777778 0.20341435185185186
2 0.5378689236111112 0.06510416666666667 0.107421875 0.0931712962962963
2 0.5947265625 0.09100115740740741 0.10264756944444445 0.0998263888888889
2 0.6693793402777778 0.13368055555555555 0.12434895833333333 0.2673611111111111
2 0.8186848958333334 0.1947337962962963 0.22721354166666666 0.25289351851851855
2 0.7565104166666666 0.4344618055555556 0.1306423611111111 0.09751157407407407
2 0.5954861111111112 0.5878182870370371 0.1293402777777778 0.2427662037037037
2 0.7129991319444444 0.5567129629629629 0.059244791666666664 0.0642361111111111
2 0.8186848958333334 0.6128472222222222 0.21158854166666666 0.20949074074074073
2 0.7486979166666666 0.7653356481481481 0.1306423611111111 0.09143518518518519
2 0.4406467013888889 0.5474537037037037 0.115234375 0.15335648148148148
2 0.3947482638888889 0.30367476851851855 0.07942708333333333 0.10561342592592593
2 0.3426649305555556 0.7486979166666666 0.10894097222222222 0.11603009259259259