0 0.8935185185185185 0.9396701388888888 0.21238425925925927 0.12022569444444445
0 0.7999131944444444 0.2861328125 0.3070023148148148 0.1286892361111111
0 0.5494791666666666 0.3307291666666667 0.16030092592592593 0.09765625
0 0.33781828703703703 0.63671875 0.1964699074074074 0.2612847222222222
0 0.39597800925925924 0.23621961805555555 0.12991898148148148 0.099609375
0 0.1996527777777778 0.2881944444444444 0.1412037037037037 0.12456597222222222
2 0.5149016203703703 0.7415364583333334 0.16869212962962962 0.1597222222222222
2 0.5149016203703703 0.5766059027777778 0.1467013888888889 0.1618923611111111
2 0.5287905092592593 0.4624565972222222 0.04716435185185185 0.1037326388888889
2 0.7044270833333334 0.4728732638888889 0.3208912037037037 0.1410590277777778
2 0.2977430555555556 0.4012586805555556 0.1712962962962963 0.14713541666666666
2 0.07783564814814815 0.5049913194444444 0.13541666666666666 0.18880208333333334
2 0.19545717592592593 0.3182508680555556 0.0720486111111111 0.07660590277777778