2 0.7455512152777778 0.43431712962962965 0.21158854166666666 0.18460648148148148
0 0.5211588541666666 0.43113425925925924 0.1929253472222222 0.14525462962962962
0 0.3666449652777778 0.44169560185185186 0.07313368055555555 0.11197916666666667
2 0.0705295138888889 0.41261574074074076 0.05859375 0.05324074074074074
0 0.2472873263888889 0.6974826388888888 0.046223958333333336 0.05931712962962963
2 0.3644748263888889 0.1673900462962963 0.06575520833333333 0.21961805555555555
2 0.3122829861111111 0.32436342592592593 0.1853298611111111 0.14293981481481483
2 0.13096788194444445 0.7414641203703703 0.083984375 0.0685763888888889
2 0.03439670138888889 0.8026620370370371 0.06879340277777778 0.1412037037037037
2 0.03982204861111111 0.6448206018518519 0.07964409722222222 0.10792824074074074
2 0.2111545138888889 0.4240451388888889 0.1996527777777778 0.10619212962962964