0 0.3582175925925926 0.15885416666666666 0.19212962962962962 0.11067708333333333
0 0.6740451388888888 0.3577473958333333 0.10445601851851852 0.08875868055555555
0 0.7353877314814815 0.5668402777777778 0.13512731481481483 0.0876736111111111
0 0.80078125 0.6711154513888888 0.1519097222222222 0.14171006944444445
0 0.7923900462962963 0.8049045138888888 0.13512731481481483 0.2269965277777778
0 0.4626736111111111 0.5835503472222222 0.07523148148148148 0.0703125
0 0.4835069444444444 0.9004991319444444 0.1597222222222222 0.15559895833333334
0 0.5371817129629629 0.5945095486111112 0.12297453703703703 0.15907118055555555
2 0.7254050925925926 0.4533420138888889 0.21354166666666666 0.0954861111111111
2 0.3566261574074074 0.4435763888888889 0.29658564814814814 0.0876736111111111
2 0.5610532407407407 0.2550998263888889 0.19212962962962962 0.1716579861111111
2 0.6087962962962963 0.9089626736111112 0.14293981481481483 0.181640625
2 0.6195023148148148 0.6676432291666666 0.15219907407407407 0.24544270833333334
2 0.4703414351851852 0.6700303819444444 0.04137731481481482 0.060980902777777776
2 0.8845486111111112 0.6066623263888888 0.13831018518518517 0.1325954861111111
2 0.8252314814814815 0.4695095486111111 0.14293981481481483 0.10481770833333333
2 0.6838831018518519 0.2925347222222222 0.10908564814814815 0.10850694444444445
2 0.16608796296296297 0.03797743055555555 0.1857638888888889 0.0759548611111111
2 0.13527199074074073 0.10243055555555555 0.18605324074074073 0.0876736111111111
2 0.14916087962962962 0.1755642361111111 0.1519097222222222 0.0842013888888889
2 0.32060185185185186 0.2406684027777778 0.20891203703703703 0.17057291666666666
2 0.4696180555555556 0.14908854166666666 0.1875 0.1371527777777778