2 0.5308159722222222 0.4614800347222222 0.07841435185185185 0.06792534722222222
2 0.8181423611111112 0.5555555555555556 0.07725694444444445 0.0759548611111111
2 0.6309317129629629 0.7846137152777778 0.10619212962962964 0.04709201388888889
2 0.5716145833333334 0.5691189236111112 0.10966435185185185 0.07183159722222222
2 0.8240740740740741 0.8044704861111112 0.14293981481481483 0.0915798611111111
2 0.9729456018518519 0.8648003472222222 0.053530092592592594 0.0915798611111111
2 0.9272280092592593 0.3981119791666667 0.11313657407407407 0.10872395833333333
2 0.8136574074074074 0.03342013888888889 0.0625 0.06684027777777778
2 0.6485821759259259 0.06901041666666667 0.08940972222222222 0.1115451388888889
2 0.6662326388888888 0.2251519097222222 0.1519097222222222 0.087890625
2 0.3285590277777778 0.1838107638888889 0.14612268518518517 0.04210069444444445
2 0.43938078703703703 0.4097222222222222 0.04079861111111111 0.07682291666666667
2 0.3932291666666667 0.5524088541666666 0.06481481481481481 0.0974392361111111
2 0.5924479166666666 0.6499565972222222 0.0853587962962963 0.06510416666666667
2 0.7848668981481481 0.8978949652777778 0.11140046296296297 0.05967881944444445
2 0.6582754629629629 0.07432725694444445 0.07523148148148148 0.07269965277777778
2 0.4036458333333333 0.4595269097222222 0.10416666666666667 0.1095920138888889
2 0.8738425925925926 0.4964192708333333 0.0028935185185185184 0.007595486111111111
2 0.9230324074074074 0.5512152777777778 0.09259259259259259 0.06293402777777778