2 0.43431712962962965 0.4339192708333333 0.14293981481481483 0.12955729166666666
2 0.3567708333333333 0.2263454861111111 0.125 0.1427951388888889
2 0.3359375 0.0656467013888889 0.08333333333333333 0.10698784722222222
2 0.4714988425925926 0.11371527777777778 0.09230324074074074 0.078125
2 0.6471354166666666 0.13151041666666666 0.05063657407407408 0.06032986111111111
2 0.6931423611111112 0.3725043402777778 0.09519675925925926 0.18077256944444445
2 0.5487557870370371 0.2799479166666667 0.03269675925925926 0.0625
2 0.6171875 0.603515625 0.12789351851851852 0.1427951388888889
2 0.7437789351851852 0.666015625 0.1189236111111111 0.21875
2 0.5115740740740741 0.8458116319444444 0.18460648148148148 0.24327256944444445
2 0.6843171296296297 0.8480902777777778 0.06539351851851852 0.078125