0 0.5770502645502645 0.6290922619047619 0.13558201058201058 0.060267857142857144
2 0.6264880952380952 0.5517113095238095 0.07903439153439154 0.05133928571428571
0 0.6939484126984127 0.605530753968254 0.06712962962962964 0.03943452380952381
0 0.5390211640211641 0.6773313492063492 0.03968253968253968 0.03521825396825397
2 0.5127314814814815 0.3521825396825397 0.08630952380952381 0.13442460317460317
2 0.9444444444444444 0.6413690476190477 0.11044973544973545 0.05555555555555555
2 0.8310185185185185 0.578125 0.10383597883597884 0.061507936507936505
2 0.41352513227513227 0.2615327380952381 0.08697089947089948 0.11532738095238096
2 0.44047619047619047 0.34685019841269843 0.037698412698412696 0.04092261904761905
2 0.3288690476190476 0.12214781746031746 0.3091931216931217 0.2442956349206349
2 0.509755291005291 0.10825892857142858 0.17427248677248677 0.21651785714285715
2 0.3834325396825397 0.36235119047619047 0.12334656084656084 0.15128968253968253
2 0.9370039682539683 0.3216765873015873 0.12533068783068782 0.10515873015873016
2 0.980489417989418 0.388640873015873 0.03835978835978836 0.07341269841269842
2 0.6861772486772487 0.8578869047619048 0.1402116402116402 0.2837301587301587
2 0.48759920634920634 0.8874007936507936 0.18882275132275134 0.22470238095238096
2 0.6016865079365079 0.7144097222222222 0.05853174603174603 0.09250992063492064
2 0.8174603174603174 0.9655257936507936 0.09986772486772487 0.06845238095238096
2 0.9168320105820106 0.9750744047619048 0.05787037037037037 0.04935515873015873
0 0.9730489417989417 0.48722718253968256 0.05324074074074074 0.04538690476190476
2 0.8697089947089947 0.5188492063492064 0.06349206349206349 0.033234126984126984