2 0.42228835978835977 0.3939732142857143 0.11970899470899471 0.361359126984127
2 0.5362103174603174 0.41703869047619047 0.04133597883597884 0.04836309523809524
2 0.5963955026455027 0.41889880952380953 0.07175925925925926 0.04365079365079365
2 0.1917989417989418 0.44506448412698413 0.37962962962962965 0.45808531746031744
2 0.62119708994709 0.48152281746031744 0.034722222222222224 0.05133928571428571
2 0.5625 0.4975198412698413 0.04034391534391534 0.04662698412698413
2 0.8513558201058201 0.515625 0.2933201058201058 0.4131944444444444
2 0.6264880952380952 0.5758928571428571 0.12665343915343916 0.17261904761904762
2 0.5114087301587301 0.6708829365079365 0.15244708994708994 0.17162698412698413
2 0.35466269841269843 0.6843998015873016 0.21395502645502645 0.1589781746031746
2 0.6474867724867724 0.8315972222222222 0.14285714285714285 0.19345238095238096
2 0.4480820105820106 0.8888888888888888 0.3425925925925926 0.1195436507936508
2 0.8882275132275133 0.9176587301587301 0.22288359788359788 0.15029761904761904
0 0.746031746031746 0.9343998015873016 0.06547619047619048 0.03993055555555555
0 0.591765873015873 0.9665178571428571 0.0539021164021164 0.05009920634920635
2 0.5997023809523809 0.19332837301587302 0.4097222222222222 0.38665674603174605