2 0.5087316176470589 0.04656862745098039 0.0272671568627451 0.042483660130718956
2 0.46277573529411764 0.02900326797385621 0.03768382352941176 0.05555555555555555
2 0.4563419117647059 0.09824346405228758 0.023590686274509803 0.024101307189542485
2 0.5603553921568627 0.04881535947712418 0.03431372549019608 0.03308823529411765
2 0.5828737745098039 0.1889297385620915 0.04013480392156863 0.056781045751633986
2 0.7953431372549019 0.6993464052287581 0.12071078431372549 0.14950980392156862
2 0.9076286764705882 0.6625816993464052 0.18412990196078433 0.17320261437908496
2 0.8800551470588235 0.8993055555555556 0.23927696078431374 0.2005718954248366
2 0.7299325980392157 0.7787990196078431 0.1014093137254902 0.0821078431372549
2 0.6087622549019608 0.7438725490196079 0.08026960784313726 0.12091503267973856
0 0.5225183823529411 0.23243464052287582 0.20496323529411764 0.3415032679738562
0 0.40640318627450983 0.1548202614379085 0.0585171568627451 0.04084967320261438
0 0.5050551470588235 0.7481617647058824 0.15287990196078433 0.2332516339869281
0 0.6329656862745098 0.8112745098039216 0.11458333333333333 0.15196078431372548
0 0.8910845588235294 0.7677696078431373 0.15104166666666666 0.0821078431372549
0 0.7760416666666666 0.4867238562091503 0.19178921568627452 0.15155228758169934